Time FVT_DEN FVT_SN FVT_RN FVT_Biomass SB_DEN SB_SN SB_RN SB_Biomass WHB_DEN WHB_SN WHB_RN WHB_Biomass
0.000000e+00 4.019290e+05 4.695681e+04 2.104674e+05 1.179515e+04 1.000000e+02 3.409910e+04 9.034300e+04 1.418640e+00 0.000000e+00 0.000000e+00 0.000000e+00 0.000000e+00
3.000000e+01 4.013968e+05 4.738615e+04 1.558754e+05 9.301093e+03 9.999647e+01 3.410844e+04 9.036785e+04 1.418980e+00 2.600000e-14 8.173462e+07 2.165967e+08 8.842541e-13
6.000000e+01 4.814850e+05 3.564519e+04 1.174876e+05 8.405352e+03 9.999264e+01 3.411899e+04 9.039592e+04 1.419366e+00 2.600000e-14 8.173462e+07 2.165967e+08 8.842541e-13
9.000000e+01 5.473987e+05 3.243588e+04 1.056081e+05 8.614419e+03 9.998865e+01 3.413017e+04 9.042565e+04 1.419775e+00 2.600000e-14 8.173462e+07 2.165967e+08 8.842541e-13
1.200000e+02 5.436061e+05 3.299521e+04 1.057889e+05 8.600600e+03 2.356342e+02 3.659659e+04 1.795982e+05 5.807489e+00 2.600000e-14 8.173462e+07 2.165967e+08 8.842541e-13
1.500000e+02 4.060189e+05 3.354736e+04 1.060050e+05 6.459342e+03 3.478413e+03 1.031606e+04 6.103544e+04 2.829366e+01 2.600000e-14 8.173462e+07 2.165967e+08 8.842541e-13
1.800000e+02 2.691907e+05 3.398286e+04 1.061502e+05 4.300365e+03 3.965767e+03 9.124509e+03 5.369549e+04 2.840076e+01 2.006706e+01 7.787440e+07 2.043035e+08 6.455228e+02
2.100000e+02 1.331060e+05 3.436935e+04 1.062663e+05 2.134017e+03 3.939801e+03 9.194359e+03 5.400584e+04 2.838557e+01 4.197453e+01 7.909524e+07 2.084471e+08 1.375918e+03
2.400000e+02 2.600000e-14 1.722879e+05 2.357450e+05 1.209410e-15 3.914645e+03 9.262341e+03 5.431060e+04 2.837066e+01 4.197453e+01 7.909882e+07 1.917715e+08 1.296140e+03
2.700000e+02 2.600000e-14 1.722879e+05 2.357450e+05 1.209410e-15 3.890128e+03 9.328850e+03 5.461147e+04 2.835590e+01 4.197452e+01 7.910158e+07 1.917933e+08 1.296258e+03
3.000000e+02 2.600000e-14 1.722879e+05 2.357450e+05 1.209410e-15 3.865480e+03 9.396161e+03 4.847316e+04 2.550097e+01 4.197452e+01 7.910543e+07 1.918236e+08 1.296421e+03
3.300000e+02 2.600000e-14 1.722879e+05 2.357450e+05 1.209410e-15 3.840685e+03 9.464332e+03 4.874820e+04 2.548766e+01 4.197452e+01 7.910953e+07 1.918558e+08 1.296595e+03
3.600000e+02 2.600000e-14 1.722879e+05 2.357450e+05 1.209410e-15 3.814415e+03 9.537038e+03 4.904347e+04 2.547334e+01 4.197452e+01 7.911405e+07 1.918913e+08 1.296786e+03
3.650000e+02 2.600000e-14 1.722879e+05 2.357450e+05 1.209410e-15 3.809832e+03 9.549799e+03 4.909540e+04 2.547083e+01 4.197452e+01 7.911487e+07 1.918977e+08 1.296821e+03
3.900000e+02 2.600000e-14 1.722879e+05 1.980381e+05 1.097646e-15 3.786809e+03 9.614412e+03 4.935817e+04 2.545824e+01 4.197451e+01 7.911920e+07 1.919315e+08 1.297003e+03
4.200000e+02 2.600000e-14 1.455577e+05 1.676732e+05 9.284163e-16 3.757837e+03 9.695974e+03 4.969330e+04 2.544197e+01 4.197451e+01 7.912483e+07 1.919755e+08 1.297241e+03
4.500000e+02 2.600000e-14 1.455577e+05 1.676732e+05 9.284162e-16 3.728474e+03 9.779533e+03 5.003824e+04 2.542531e+01 4.197451e+01 7.913081e+07 1.920219e+08 1.297491e+03
4.800000e+02 2.600000e-14 1.455577e+05 1.676732e+05 9.284162e-16 3.700732e+03 9.862036e+03 5.037024e+04 2.541100e+01 4.197451e+01 7.913664e+07 1.920671e+08 1.297735e+03
5.100000e+02 2.600000e-14 1.455577e+05 1.676732e+05 9.284162e-16 4.641403e+03 7.953554e+03 4.040700e+04 2.558853e+01 4.197450e+01 7.914218e+07 1.921099e+08 1.297966e+03
5.400000e+02 2.600000e-14 1.455577e+05 1.676732e+05 9.284162e-16 4.611277e+03 8.013435e+03 4.064483e+04 2.557895e+01 4.181737e+01 7.901643e+07 1.918043e+08 1.291052e+03
5.700000e+02 2.600000e-14 1.455577e+05 1.676732e+05 9.284162e-16 4.583177e+03 8.069320e+03 4.086917e+04 2.556949e+01 4.181737e+01 7.902181e+07 1.918472e+08 1.291281e+03
6.000000e+02 2.600000e-14 1.455577e+05 1.676732e+05 9.284162e-16 4.556440e+03 8.122635e+03 4.108488e+04 2.556006e+01 4.181737e+01 7.902619e+07 1.821761e+08 1.245198e+03
6.300000e+02 2.600000e-14 1.455577e+05 1.676732e+05 9.284162e-16 4.531206e+03 8.173089e+03 4.129048e+04 2.555078e+01 4.181737e+01 7.902925e+07 1.822163e+08 1.245405e+03
6.600000e+02 2.600000e-14 1.455577e+05 1.676732e+05 9.284162e-16 4.506170e+03 8.223225e+03 3.592176e+04 2.267743e+01 4.181737e+01 7.903195e+07 1.822515e+08 1.245585e+03
6.900000e+02 2.600000e-14 1.455577e+05 1.676732e+05 9.284162e-16 4.480096e+03 8.274923e+03 3.611048e+04 2.266900e+01 4.181736e+01 7.903468e+07 1.822870e+08 1.245767e+03
7.200000e+02 2.600000e-14 1.455577e+05 1.676732e+05 9.284162e-16 4.453424e+03 8.328307e+03 3.630568e+04 2.266024e+01 4.181736e+01 7.903749e+07 1.823235e+08 1.245955e+03
7.300000e+02 2.600000e-14 1.455577e+05 1.676732e+05 9.284162e-16 4.443780e+03 8.347754e+03 3.637682e+04 2.265706e+01 4.181736e+01 7.903852e+07 1.823368e+08 1.246023e+03
7.500000e+02 2.600000e-14 1.455577e+05 1.652981e+05 9.213765e-16 4.423652e+03 8.388738e+03 3.652639e+04 2.265053e+01 4.181736e+01 7.904070e+07 1.823649e+08 1.246167e+03
7.800000e+02 2.600000e-14 1.392130e+05 1.581916e+05 8.815074e-16 4.392890e+03 8.452522e+03 3.675762e+04 2.264076e+01 4.181736e+01 7.904411e+07 1.824088e+08 1.246393e+03
8.100000e+02 2.600000e-14 1.392130e+05 1.581915e+05 8.815068e-16 4.360745e+03 8.520544e+03 3.700244e+04 2.263061e+01 4.181735e+01 7.904777e+07 1.824554e+08 1.246632e+03
8.400000e+02 2.600000e-14 1.392130e+05 1.581915e+05 8.815068e-16 4.331724e+03 8.584454e+03 3.722749e+04 2.262270e+01 4.181735e+01 7.905111e+07 1.824980e+08 1.246851e+03
8.700000e+02 2.600000e-14 1.392130e+05 1.581915e+05 8.815068e-16 5.593331e+03 6.751334e+03 2.914268e+04 2.288745e+01 4.181735e+01 7.905419e+07 1.825369e+08 1.247051e+03
9.000000e+02 2.600000e-14 1.392130e+05 1.581915e+05 8.815068e-16 5.553150e+03 6.806713e+03 2.933219e+04 2.287806e+01 4.165552e+01 7.892084e+07 1.822556e+08 1.240256e+03
9.300000e+02 2.600000e-14 1.392130e+05 1.581915e+05 8.815068e-16 5.515889e+03 6.858098e+03 2.950994e+04 2.286864e+01 4.165552e+01 7.892338e+07 1.822891e+08 1.240427e+03
9.600000e+02 2.600000e-14 1.392130e+05 1.581915e+05 8.815068e-16 5.481302e+03 6.906357e+03 2.967708e+04 2.285983e+01 4.165552e+01 7.892567e+07 1.763948e+08 1.212448e+03
9.900000e+02 2.600000e-14 1.392130e+05 1.581915e+05 8.815068e-16 5.447749e+03 6.953691e+03 2.984118e+04 2.285121e+01 4.165551e+01 7.892763e+07 1.764252e+08 1.212601e+03
1.020000e+03 2.600000e-14 1.392130e+05 1.581915e+05 8.815068e-16 5.414780e+03 7.000489e+03 3.000414e+04 2.284240e+01 4.165551e+01 7.892954e+07 1.764547e+08 1.212750e+03
1.050000e+03 2.600000e-14 1.392130e+05 1.581915e+05 8.815068e-16 5.381755e+03 7.046253e+03 2.549051e+04 1.996196e+01 4.165551e+01 7.893146e+07 1.764845e+08 1.212901e+03
1.080000e+03 2.600000e-14 1.392130e+05 1.581915e+05 8.815068e-16 5.346967e+03 7.094939e+03 2.564096e+04 1.995431e+01 4.165551e+01 7.893348e+07 1.765157e+08 1.213059e+03
1.095000e+03 2.600000e-14 1.392130e+05 1.581915e+05 8.815068e-16 5.329244e+03 7.120002e+03 2.571832e+04 1.995039e+01 4.165551e+01 7.893452e+07 1.765317e+08 1.213140e+03
1.110000e+03 2.600000e-14 1.392130e+05 1.558164e+05 8.744672e-16 5.309999e+03 7.147647e+03 2.580301e+04 1.994635e+01 4.165550e+01 7.893567e+07 1.765494e+08 1.213229e+03
1.140000e+03 2.600000e-14 1.392130e+05 1.558164e+05 8.744672e-16 5.270898e+03 7.204512e+03 2.597657e+04 1.993793e+01 4.165550e+01 7.893802e+07 1.765856e+08 1.213412e+03
1.170000e+03 2.600000e-14 1.392130e+05 1.558164e+05 8.744672e-16 5.232239e+03 7.263919e+03 2.615237e+04 1.993199e+01 4.165550e+01 7.894059e+07 1.766252e+08 1.213612e+03
1.200000e+03 2.600000e-14 1.392130e+05 1.558164e+05 8.744672e-16 5.194948e+03 7.324242e+03 2.632592e+04 1.992844e+01 4.165550e+01 7.894313e+07 1.766642e+08 1.213809e+03
1.230000e+03 2.600000e-14 1.392130e+05 1.558164e+05 8.744672e-16 6.838905e+03 5.679029e+03 2.035076e+04 2.029374e+01 4.165549e+01 7.894541e+07 1.766991e+08 1.213986e+03
1.260000e+03 2.600000e-14 1.392130e+05 1.558164e+05 8.744672e-16 6.782557e+03 5.735237e+03 2.050372e+04 2.028826e+01 4.148850e+01 7.880617e+07 1.764207e+08 1.207144e+03
1.290000e+03 2.600000e-14 1.392130e+05 1.558164e+05 8.744672e-16 6.730017e+03 5.787089e+03 2.064788e+04 2.028149e+01 4.148850e+01 7.880778e+07 1.764500e+08 1.207290e+03
1.320000e+03 2.600000e-14 1.392130e+05 1.558164e+05 8.744672e-16 6.679339e+03 5.837548e+03 2.078897e+04 2.027462e+01 4.148850e+01 7.880928e+07 1.726685e+08 1.189412e+03
1.350000e+03 2.600000e-14 1.392130e+05 1.558164e+05 8.744672e-16 6.630530e+03 5.886857e+03 2.092697e+04 2.026805e+01 4.148849e+01 7.881075e+07 1.726953e+08 1.189545e+03
1.380000e+03 2.600000e-14 1.392130e+05 1.558164e+05 8.744672e-16 6.583363e+03 5.935182e+03 2.106232e+04 2.026171e+01 4.148849e+01 7.881228e+07 1.727229e+08 1.189683e+03
1.410000e+03 2.600000e-14 1.392130e+05 1.558164e+05 8.744672e-16 6.535907e+03 5.980392e+03 1.732999e+04 1.736842e+01 4.148849e+01 7.881393e+07 1.727529e+08 1.189833e+03
1.440000e+03 2.600000e-14 1.392130e+05 1.558164e+05 8.744672e-16 6.488358e+03 6.025053e+03 1.744988e+04 1.736377e+01 4.148849e+01 7.881562e+07 1.727834e+08 1.189985e+03
1.460000e+03 2.600000e-14 1.392130e+05 1.558164e+05 8.744672e-16 6.456446e+03 6.055468e+03 1.753129e+04 1.736068e+01 4.148849e+01 7.881677e+07 1.728042e+08 1.190089e+03
1.470000e+03 2.600000e-14 1.392130e+05 1.558164e+05 8.744672e-16 6.439351e+03 6.071907e+03 1.757515e+04 1.735898e+01 4.148849e+01 7.881740e+07 1.728155e+08 1.190145e+03
1.500000e+03 2.600000e-14 1.392130e+05 1.541481e+05 8.695222e-16 6.386066e+03 6.123906e+03 1.771326e+04 1.735373e+01 4.148848e+01 7.881938e+07 1.728512e+08 1.190323e+03
1.530000e+03 2.600000e-14 1.392117e+05 1.541435e+05 8.695049e-16 6.329707e+03 6.180423e+03 1.786207e+04 1.734874e+01 4.148848e+01 7.882152e+07 1.728896e+08 1.190515e+03
1.560000e+03 2.600000e-14 1.392117e+05 1.541435e+05 8.695049e-16 6.276880e+03 6.235103e+03 1.800467e+04 1.734512e+01 4.148848e+01 7.882358e+07 1.729265e+08 1.190699e+03
1.590000e+03 2.600000e-14 1.392117e+05 1.541435e+05 8.695049e-16 8.365268e+03 4.794584e+03 1.388555e+04 1.781413e+01 4.148848e+01 7.882550e+07 1.729609e+08 1.190871e+03
1.620000e+03 2.600000e-14 1.392117e+05 1.541435e+05 8.695049e-16 8.280273e+03 4.848696e+03 1.401650e+04 1.780783e+01 4.131586e+01 7.868113e+07 1.726784e+08 1.183905e+03
1.650000e+03 2.600000e-14 1.392117e+05 1.541435e+05 8.695049e-16 8.199665e+03 4.899546e+03 1.414217e+04 1.779947e+01 4.131586e+01 7.868261e+07 1.727099e+08 1.184061e+03
1.680000e+03 2.600000e-14 1.392117e+05 1.541435e+05 8.695049e-16 8.123546e+03 4.947704e+03 1.426268e+04 1.779043e+01 4.131586e+01 7.868404e+07 1.727407e+08 1.184212e+03
1.710000e+03 2.600000e-14 1.392117e+05 1.541435e+05 8.695049e-16 8.051835e+03 4.993713e+03 1.437848e+04 1.778191e+01 4.131585e+01 7.868543e+07 1.701672e+08 1.172098e+03
1.740000e+03 2.600000e-14 1.392117e+05 1.541435e+05 8.695049e-16 7.982967e+03 5.038618e+03 1.449191e+04 1.777392e+01 4.131585e+01 7.868679e+07 1.701961e+08 1.172240e+03
1.770000e+03 2.600000e-14 1.392117e+05 1.541435e+05 8.695049e-16 7.913914e+03 5.079773e+03 1.147618e+04 1.493655e+01 4.131585e+01 7.868811e+07 1.702242e+08 1.172379e+03
1.800000e+03 2.600000e-14 1.392117e+05 1.541435e+05 8.695049e-16 7.836615e+03 5.123526e+03 1.158863e+04 1.493021e+01 4.131585e+01 7.868962e+07 1.702561e+08 1.172536e+03
1.824500e+03 2.600000e-14 1.392117e+05 1.541435e+05 8.695049e-16 7.774573e+03 5.159320e+03 1.168084e+04 1.492546e+01 4.131585e+01 7.869084e+07 1.702822e+08 1.172664e+03
