Time Fishery AvgCatchSize TotLanding TotNumCaught TotDiscards GearChange DiscardChange TEPkills HabImpact TotEffort TotCPUE SocialAccept GearConflict SpComp_Evenness mgmtStability mgmtAccess mgmtCost 1stindx
0.000000e+00 midwcCEP 0.000000e+00 0.000000e+00 0.000000e+00 0.000000e+00 0.000000e+00 0.000000e+00 0.000000e+00 0.000000e+00 0.000000e+00 0.000000e+00 1.000000e+16 0.000000e+00 0.000000e+00 0.000000e+00 5.000000e-01 0.000000e+00 0.000000e+00
0.000000e+00 jigCEP 0.000000e+00 0.000000e+00 0.000000e+00 0.000000e+00 0.000000e+00 0.000000e+00 0.000000e+00 0.000000e+00 0.000000e+00 0.000000e+00 1.000000e+16 0.000000e+00 0.000000e+00 0.000000e+00 5.000000e-01 0.000000e+00 0.000000e+00
0.000000e+00 midwcFP 0.000000e+00 0.000000e+00 0.000000e+00 0.000000e+00 0.000000e+00 0.000000e+00 0.000000e+00 0.000000e+00 0.000000e+00 0.000000e+00 1.000000e+16 0.000000e+00 0.000000e+00 0.000000e+00 5.000000e-01 0.000000e+00 0.000000e+00
0.000000e+00 dredgeBFS 0.000000e+00 0.000000e+00 0.000000e+00 0.000000e+00 0.000000e+00 0.000000e+00 0.000000e+00 0.000000e+00 0.000000e+00 0.000000e+00 1.000000e+16 0.000000e+00 0.000000e+00 0.000000e+00 5.000000e-01 0.000000e+00 0.000000e+00
0.000000e+00 netFD 0.000000e+00 0.000000e+00 0.000000e+00 0.000000e+00 0.000000e+00 0.000000e+00 0.000000e+00 0.000000e+00 0.000000e+00 0.000000e+00 1.000000e+16 0.000000e+00 0.000000e+00 0.000000e+00 5.000000e-01 0.000000e+00 0.000000e+00
0.000000e+00 netSH 0.000000e+00 0.000000e+00 0.000000e+00 0.000000e+00 0.000000e+00 0.000000e+00 0.000000e+00 0.000000e+00 0.000000e+00 0.000000e+00 1.000000e+16 0.000000e+00 0.000000e+00 0.000000e+00 5.000000e-01 0.000000e+00 0.000000e+00
0.000000e+00 plineFVO 0.000000e+00 0.000000e+00 0.000000e+00 0.000000e+00 0.000000e+00 0.000000e+00 0.000000e+00 0.000000e+00 0.000000e+00 0.000000e+00 1.000000e+16 0.000000e+00 0.000000e+00 0.000000e+00 5.000000e-01 0.000000e+00 0.000000e+00
0.000000e+00 pseineFVO 0.000000e+00 0.000000e+00 0.000000e+00 0.000000e+00 0.000000e+00 0.000000e+00 0.000000e+00 0.000000e+00 0.000000e+00 0.000000e+00 1.000000e+16 0.000000e+00 0.000000e+00 0.000000e+00 5.000000e-01 0.000000e+00 0.000000e+00
0.000000e+00 pseineFP 0.000000e+00 0.000000e+00 0.000000e+00 0.000000e+00 0.000000e+00 0.000000e+00 0.000000e+00 0.000000e+00 0.000000e+00 0.000000e+00 1.000000e+16 0.000000e+00 0.000000e+00 0.000000e+00 5.000000e-01 0.000000e+00 0.000000e+00
0.000000e+00 trapBMS 0.000000e+00 0.000000e+00 0.000000e+00 0.000000e+00 0.000000e+00 0.000000e+00 0.000000e+00 0.000000e+00 0.000000e+00 0.000000e+00 1.000000e+16 0.000000e+00 0.000000e+00 0.000000e+00 5.000000e-01 0.000000e+00 0.000000e+00
0.000000e+00 trapFD 0.000000e+00 0.000000e+00 0.000000e+00 0.000000e+00 0.000000e+00 0.000000e+00 0.000000e+00 0.000000e+00 0.000000e+00 0.000000e+00 1.000000e+16 0.000000e+00 0.000000e+00 0.000000e+00 5.000000e-01 0.000000e+00 0.000000e+00
0.000000e+00 dtrawlBMS 0.000000e+00 0.000000e+00 0.000000e+00 0.000000e+00 0.000000e+00 0.000000e+00 0.000000e+00 0.000000e+00 0.000000e+00 0.000000e+00 1.000000e+16 0.000000e+00 0.000000e+00 0.000000e+00 5.000000e-01 0.000000e+00 0.000000e+00
0.000000e+00 dtrawlCEP 0.000000e+00 0.000000e+00 0.000000e+00 0.000000e+00 0.000000e+00 0.000000e+00 0.000000e+00 0.000000e+00 0.000000e+00 0.000000e+00 1.000000e+16 0.000000e+00 0.000000e+00 0.000000e+00 5.000000e-01 0.000000e+00 0.000000e+00
0.000000e+00 dtrawlFD 0.000000e+00 0.000000e+00 0.000000e+00 0.000000e+00 0.000000e+00 0.000000e+00 0.000000e+00 0.000000e+00 0.000000e+00 0.000000e+00 1.000000e+16 0.000000e+00 0.000000e+00 0.000000e+00 5.000000e-01 0.000000e+00 0.000000e+00
0.000000e+00 dtrawlFDB 0.000000e+00 0.000000e+00 0.000000e+00 0.000000e+00 0.000000e+00 0.000000e+00 0.000000e+00 0.000000e+00 0.000000e+00 0.000000e+00 1.000000e+16 0.000000e+00 0.000000e+00 0.000000e+00 5.000000e-01 0.000000e+00 0.000000e+00
0.000000e+00 dtrawlFDO 0.000000e+00 0.000000e+00 0.000000e+00 0.000000e+00 0.000000e+00 0.000000e+00 0.000000e+00 0.000000e+00 0.000000e+00 0.000000e+00 1.000000e+16 0.000000e+00 0.000000e+00 0.000000e+00 5.000000e-01 0.000000e+00 0.000000e+00
0.000000e+00 midwcFD 0.000000e+00 0.000000e+00 0.000000e+00 0.000000e+00 0.000000e+00 0.000000e+00 0.000000e+00 0.000000e+00 0.000000e+00 0.000000e+00 1.000000e+16 0.000000e+00 0.000000e+00 0.000000e+00 5.000000e-01 0.000000e+00 0.000000e+00
0.000000e+00 dseineFDB 0.000000e+00 0.000000e+00 0.000000e+00 0.000000e+00 0.000000e+00 0.000000e+00 0.000000e+00 0.000000e+00 0.000000e+00 0.000000e+00 1.000000e+16 0.000000e+00 0.000000e+00 0.000000e+00 5.000000e-01 0.000000e+00 0.000000e+00
0.000000e+00 dlineFD 0.000000e+00 0.000000e+00 0.000000e+00 0.000000e+00 0.000000e+00 0.000000e+00 0.000000e+00 0.000000e+00 0.000000e+00 0.000000e+00 1.000000e+16 0.000000e+00 0.000000e+00 0.000000e+00 5.000000e-01 0.000000e+00 0.000000e+00
0.000000e+00 dlineFVS 0.000000e+00 0.000000e+00 0.000000e+00 0.000000e+00 0.000000e+00 0.000000e+00 0.000000e+00 0.000000e+00 0.000000e+00 0.000000e+00 1.000000e+16 0.000000e+00 0.000000e+00 0.000000e+00 5.000000e-01 0.000000e+00 0.000000e+00
0.000000e+00 dlineSH 0.000000e+00 0.000000e+00 0.000000e+00 0.000000e+00 0.000000e+00 0.000000e+00 0.000000e+00 0.000000e+00 0.000000e+00 0.000000e+00 1.000000e+16 0.000000e+00 0.000000e+00 0.000000e+00 5.000000e-01 0.000000e+00 0.000000e+00
0.000000e+00 diveBG 0.000000e+00 0.000000e+00 0.000000e+00 0.000000e+00 0.000000e+00 0.000000e+00 0.000000e+00 0.000000e+00 0.000000e+00 0.000000e+00 1.000000e+16 0.000000e+00 0.000000e+00 0.000000e+00 5.000000e-01 0.000000e+00 0.000000e+00
0.000000e+00 pseineFVS 0.000000e+00 0.000000e+00 0.000000e+00 0.000000e+00 0.000000e+00 0.000000e+00 0.000000e+00 0.000000e+00 0.000000e+00 0.000000e+00 1.000000e+16 0.000000e+00 0.000000e+00 0.000000e+00 5.000000e-01 0.000000e+00 0.000000e+00
0.000000e+00 cullPIN 0.000000e+00 0.000000e+00 0.000000e+00 0.000000e+00 0.000000e+00 0.000000e+00 0.000000e+00 0.000000e+00 0.000000e+00 0.000000e+00 1.000000e+16 0.000000e+00 0.000000e+00 0.000000e+00 5.000000e-01 0.000000e+00 0.000000e+00
0.000000e+00 recfish 0.000000e+00 0.000000e+00 0.000000e+00 0.000000e+00 0.000000e+00 0.000000e+00 0.000000e+00 0.000000e+00 0.000000e+00 0.000000e+00 1.000000e+16 0.000000e+00 0.000000e+00 0.000000e+00 5.000000e-01 0.000000e+00 0.000000e+00
0.000000e+00 ptrawlPWN 0.000000e+00 0.000000e+00 0.000000e+00 0.000000e+00 0.000000e+00 0.000000e+00 0.000000e+00 0.000000e+00 0.000000e+00 0.000000e+00 1.000000e+16 0.000000e+00 0.000000e+00 0.000000e+00 5.000000e-01 0.000000e+00 0.000000e+00
0.000000e+00 dtrawlFBP 0.000000e+00 0.000000e+00 0.000000e+00 0.000000e+00 0.000000e+00 0.000000e+00 0.000000e+00 0.000000e+00 0.000000e+00 0.000000e+00 1.000000e+16 0.000000e+00 0.000000e+00 0.000000e+00 5.000000e-01 0.000000e+00 0.000000e+00
0.000000e+00 midwcZL 0.000000e+00 0.000000e+00 0.000000e+00 0.000000e+00 0.000000e+00 0.000000e+00 0.000000e+00 0.000000e+00 0.000000e+00 0.000000e+00 1.000000e+16 0.000000e+00 0.000000e+00 0.000000e+00 5.000000e-01 0.000000e+00 0.000000e+00
0.000000e+00 trapFDE 0.000000e+00 0.000000e+00 0.000000e+00 0.000000e+00 0.000000e+00 0.000000e+00 0.000000e+00 0.000000e+00 0.000000e+00 0.000000e+00 1.000000e+16 0.000000e+00 0.000000e+00 0.000000e+00 5.000000e-01 0.000000e+00 0.000000e+00
0.000000e+00 dlineFDE 0.000000e+00 0.000000e+00 0.000000e+00 0.000000e+00 0.000000e+00 0.000000e+00 0.000000e+00 0.000000e+00 0.000000e+00 0.000000e+00 1.000000e+16 0.000000e+00 0.000000e+00 0.000000e+00 5.000000e-01 0.000000e+00 0.000000e+00
0.000000e+00 netFDE 0.000000e+00 0.000000e+00 0.000000e+00 0.000000e+00 0.000000e+00 0.000000e+00 0.000000e+00 0.000000e+00 0.000000e+00 0.000000e+00 1.000000e+16 0.000000e+00 0.000000e+00 0.000000e+00 5.000000e-01 0.000000e+00 0.000000e+00
0.000000e+00 midwcPWN 0.000000e+00 0.000000e+00 0.000000e+00 0.000000e+00 0.000000e+00 0.000000e+00 0.000000e+00 0.000000e+00 0.000000e+00 0.000000e+00 1.000000e+16 0.000000e+00 0.000000e+00 0.000000e+00 5.000000e-01 0.000000e+00 0.000000e+00
0.000000e+00 mowMA 0.000000e+00 0.000000e+00 0.000000e+00 0.000000e+00 0.000000e+00 0.000000e+00 0.000000e+00 0.000000e+00 0.000000e+00 0.000000e+00 1.000000e+16 0.000000e+00 0.000000e+00 0.000000e+00 5.000000e-01 0.000000e+00 0.000000e+00
